bin_center N_events
1.0 0.0
3.0 0.0
5.0 0.0
7.0 0.0
9.0 0.0
11.0 1.0
13.0 0.0
15.0 0.0
17.0 0.0
19.0 2.0
21.0 0.0
23.0 2.0
25.0 0.0
27.0 0.0
29.0 0.0
31.0 0.0
33.0 0.0
35.0 0.0
37.0 0.0
39.0 4.0
41.0 7.0
43.0 17.0
45.0 50.0
47.0 89.0
49.0 168.0
51.0 325.0
53.0 522.0
55.0 768.0
57.0 1034.0
59.0 1335.0
61.0 1536.0
63.0 1468.0
65.0 1530.0
67.0 1401.0
69.0 1413.0
71.0 1437.0
73.0 1314.0
75.0 1282.0
77.0 1320.0
79.0 1192.0
81.0 1131.0
83.0 1026.0
85.0 1093.0
87.0 1054.0
89.0 1090.0
91.0 1065.0
93.0 978.0
95.0 1028.0
97.0 1034.0
99.0 1021.0
101.0 1038.0
103.0 1045.0
105.0 1086.0
107.0 1069.0
109.0 1009.0
111.0 1058.0
113.0 1108.0
115.0 1135.0
117.0 1165.0
119.0 1094.0
121.0 1137.0
123.0 1133.0
125.0 1112.0
127.0 1193.0
129.0 1123.0
131.0 1099.0
133.0 1159.0
135.0 1098.0
137.0 1126.0
139.0 1093.0
141.0 1094.0
143.0 1104.0
145.0 1085.0
147.0 1092.0
149.0 1084.0
151.0 1078.0
153.0 1130.0
155.0 1168.0
157.0 1143.0
159.0 1138.0
161.0 1161.0
163.0 1147.0
165.0 1158.0
167.0 1169.0
169.0 1129.0
171.0 1094.0
173.0 1140.0
175.0 1195.0
177.0 1148.0
179.0 1178.0
181.0 1196.0
183.0 1194.0
185.0 1164.0
187.0 1202.0
189.0 1257.0
191.0 1255.0
193.0 1273.0
195.0 1308.0
197.0 1289.0
199.0 1429.0
201.0 1323.0
203.0 1463.0
205.0 1405.0
207.0 1459.0
209.0 1515.0
211.0 1539.0
213.0 1561.0
215.0 1506.0
217.0 1523.0
219.0 1531.0
221.0 1467.0
223.0 1403.0
225.0 1474.0
227.0 1381.0
229.0 1399.0
231.0 1411.0
233.0 1437.0
235.0 1375.0
237.0 1324.0
239.0 1383.0
241.0 1334.0
243.0 1343.0
245.0 1292.0
247.0 1374.0
249.0 1288.0
251.0 1284.0
253.0 1270.0
255.0 1249.0
257.0 1276.0
259.0 1210.0
261.0 1308.0
263.0 1226.0
265.0 1264.0
267.0 1201.0
269.0 1173.0
271.0 1144.0
273.0 1167.0
275.0 1198.0
277.0 1194.0
279.0 1205.0
281.0 1206.0
283.0 1138.0
285.0 1109.0
287.0 1125.0
289.0 1119.0
291.0 1058.0
293.0 1082.0
295.0 1099.0
297.0 1160.0
299.0 1082.0
301.0 1127.0
303.0 1073.0
305.0 1051.0
307.0 1057.0
309.0 1122.0
311.0 1081.0
313.0 1074.0
315.0 1006.0
317.0 992.0
319.0 981.0
321.0 1007.0
323.0 1003.0
325.0 1065.0
327.0 940.0
329.0 1075.0
331.0 1005.0
333.0 986.0
335.0 1003.0
337.0 996.0
339.0 1035.0
341.0 1008.0
343.0 1004.0
345.0 992.0
347.0 952.0
349.0 958.0
351.0 978.0
353.0 970.0
355.0 1026.0
357.0 962.0
359.0 994.0
361.0 956.0
363.0 937.0
365.0 956.0
367.0 951.0
369.0 881.0
371.0 951.0
373.0 949.0
375.0 949.0
377.0 973.0
379.0 916.0
381.0 943.0
383.0 953.0
385.0 993.0
387.0 941.0
389.0 907.0
391.0 932.0
393.0 973.0
395.0 952.0
397.0 1008.0
399.0 944.0
401.0 900.0
403.0 992.0
405.0 919.0
407.0 930.0
409.0 938.0
411.0 910.0
413.0 893.0
415.0 961.0
417.0 892.0
419.0 892.0
421.0 873.0
423.0 935.0
425.0 925.0
427.0 915.0
429.0 935.0
431.0 915.0
433.0 898.0
435.0 879.0
437.0 952.0
439.0 918.0
441.0 928.0
443.0 951.0
445.0 972.0
447.0 919.0
449.0 919.0
451.0 912.0
453.0 915.0
455.0 988.0
457.0 887.0
459.0 824.0
461.0 887.0
463.0 905.0
465.0 878.0
467.0 917.0
469.0 921.0
471.0 913.0
473.0 944.0
475.0 852.0
477.0 941.0
479.0 899.0
481.0 935.0
483.0 910.0
485.0 948.0
487.0 906.0
489.0 949.0
491.0 907.0
493.0 906.0
495.0 921.0
497.0 962.0
499.0 926.0
501.0 935.0
503.0 945.0
505.0 926.0
507.0 941.0
509.0 938.0
511.0 906.0
513.0 991.0
515.0 920.0
517.0 974.0
519.0 970.0
521.0 951.0
523.0 951.0
525.0 920.0
527.0 947.0
529.0 1031.0
531.0 938.0
533.0 934.0
535.0 901.0
537.0 954.0
539.0 953.0
541.0 967.0
543.0 902.0
545.0 978.0
547.0 1024.0
549.0 949.0
551.0 970.0
553.0 989.0
555.0 932.0
557.0 926.0
559.0 971.0
561.0 1008.0
563.0 967.0
565.0 912.0
567.0 979.0
569.0 935.0
571.0 959.0
573.0 915.0
575.0 930.0
577.0 912.0
579.0 932.0
581.0 910.0
583.0 884.0
585.0 827.0
587.0 783.0
589.0 814.0
591.0 794.0
593.0 785.0
595.0 704.0
597.0 687.0
599.0 661.0
601.0 652.0
603.0 593.0
605.0 598.0
607.0 525.0
609.0 547.0
611.0 492.0
613.0 431.0
615.0 451.0
617.0 419.0
619.0 371.0
621.0 388.0
623.0 395.0
625.0 382.0
627.0 354.0
629.0 333.0
631.0 373.0
633.0 354.0
635.0 322.0
637.0 332.0
639.0 290.0
641.0 289.0
643.0 286.0
645.0 286.0
647.0 245.0
649.0 249.0
651.0 269.0
653.0 300.0
655.0 268.0
657.0 229.0
659.0 247.0
661.0 232.0
663.0 241.0
665.0 246.0
667.0 244.0
669.0 221.0
671.0 215.0
673.0 201.0
675.0 224.0
677.0 195.0
679.0 208.0
681.0 195.0
683.0 157.0
685.0 208.0
687.0 189.0
689.0 157.0
691.0 168.0
693.0 203.0
695.0 168.0
697.0 159.0
699.0 166.0
701.0 168.0
703.0 157.0
705.0 158.0
707.0 166.0
709.0 147.0
711.0 154.0
713.0 159.0
715.0 161.0
717.0 155.0
719.0 152.0
721.0 144.0
723.0 152.0
725.0 155.0
727.0 140.0
729.0 144.0
731.0 141.0
733.0 140.0
735.0 132.0
737.0 134.0
739.0 123.0
741.0 132.0
743.0 133.0
745.0 128.0
747.0 132.0
749.0 135.0
751.0 145.0
753.0 118.0
755.0 132.0
757.0 112.0
759.0 98.0
761.0 115.0
763.0 120.0
765.0 94.0
767.0 111.0
769.0 132.0
771.0 122.0
773.0 133.0
775.0 133.0
777.0 114.0
779.0 124.0
781.0 113.0
783.0 136.0
785.0 144.0
787.0 153.0
789.0 165.0
791.0 175.0
793.0 218.0
795.0 237.0
797.0 276.0
799.0 341.0
801.0 459.0
803.0 518.0
805.0 615.0
807.0 798.0
809.0 931.0
811.0 1141.0
813.0 1374.0
815.0 1549.0
817.0 1915.0
819.0 2097.0
821.0 2413.0
823.0 2854.0
825.0 3108.0
827.0 3439.0
829.0 3752.0
831.0 3952.0
833.0 4290.0
835.0 4519.0
837.0 4431.0
839.0 4427.0
841.0 4468.0
843.0 4508.0
845.0 4182.0
847.0 4028.0
849.0 3801.0
851.0 3599.0
853.0 3194.0
855.0 2957.0
857.0 2617.0
859.0 2269.0
861.0 1958.0
863.0 1654.0
865.0 1454.0
867.0 1211.0
869.0 926.0
871.0 774.0
873.0 701.0
875.0 548.0
877.0 427.0
879.0 354.0
881.0 249.0
883.0 188.0
885.0 152.0
887.0 102.0
889.0 79.0
891.0 60.0
893.0 42.0
895.0 28.0
897.0 20.0
899.0 24.0
901.0 20.0
903.0 11.0
905.0 7.0
907.0 6.0
909.0 5.0
911.0 1.0
913.0 1.0
915.0 1.0
917.0 0.0
919.0 1.0
921.0 0.0
923.0 0.0
925.0 0.0
927.0 0.0
929.0 2.0
931.0 1.0
933.0 0.0
935.0 1.0
937.0 0.0
939.0 0.0
941.0 1.0
943.0 1.0
945.0 1.0
947.0 1.0
949.0 0.0
951.0 1.0
953.0 0.0
955.0 0.0
957.0 0.0
959.0 0.0
961.0 0.0
963.0 1.0
965.0 2.0
967.0 0.0
969.0 0.0
971.0 1.0
973.0 1.0
975.0 0.0
977.0 0.0
979.0 0.0
981.0 2.0
983.0 1.0
985.0 0.0
987.0 0.0
989.0 0.0
991.0 0.0
993.0 0.0
995.0 0.0
997.0 0.0
999.0 0.0
1001.0 0.0
1003.0 0.0
1005.0 0.0
1007.0 1.0
1009.0 0.0
1011.0 0.0
1013.0 0.0
1015.0 0.0
1017.0 1.0
1019.0 0.0
1021.0 0.0
1023.0 0.0
1025.0 0.0
1027.0 0.0
1029.0 0.0
1031.0 1.0
1033.0 0.0
1035.0 0.0
1037.0 0.0
1039.0 1.0
1041.0 0.0
1043.0 0.0
1045.0 0.0
1047.0 2.0
1049.0 0.0
1051.0 0.0
1053.0 0.0
1055.0 0.0
1057.0 0.0
1059.0 0.0
1061.0 0.0
1063.0 0.0
1065.0 0.0
1067.0 1.0
1069.0 0.0
1071.0 0.0
1073.0 1.0
1075.0 0.0
1077.0 0.0
1079.0 1.0
1081.0 0.0
1083.0 0.0
1085.0 0.0
1087.0 0.0
1089.0 1.0
1091.0 2.0
1093.0 0.0
1095.0 0.0
1097.0 0.0
1099.0 0.0
1101.0 1.0
1103.0 0.0
1105.0 0.0
1107.0 0.0
1109.0 1.0
1111.0 0.0
1113.0 0.0
1115.0 1.0
1117.0 0.0
1119.0 0.0
1121.0 0.0
1123.0 0.0
1125.0 0.0
1127.0 1.0
1129.0 0.0
1131.0 0.0
1133.0 0.0
1135.0 0.0
1137.0 1.0
1139.0 0.0
1141.0 2.0
1143.0 0.0
1145.0 0.0
1147.0 0.0
1149.0 0.0
1151.0 0.0
1153.0 0.0
1155.0 0.0
1157.0 1.0
1159.0 0.0
1161.0 0.0
1163.0 1.0
1165.0 1.0
1167.0 0.0
1169.0 1.0
1171.0 0.0
1173.0 0.0
1175.0 0.0
1177.0 1.0
1179.0 0.0
1181.0 0.0
1183.0 0.0
1185.0 0.0
1187.0 0.0
1189.0 1.0
1191.0 0.0
1193.0 2.0
1195.0 0.0
1197.0 0.0
1199.0 0.0
1201.0 1.0
1203.0 0.0
1205.0 1.0
1207.0 0.0
1209.0 1.0
1211.0 0.0
1213.0 0.0
1215.0 1.0
1217.0 0.0
1219.0 0.0
1221.0 0.0
1223.0 0.0
1225.0 0.0
1227.0 0.0
1229.0 0.0
1231.0 3.0
1233.0 0.0
1235.0 0.0
1237.0 0.0
1239.0 0.0
1241.0 1.0
1243.0 0.0
1245.0 0.0
1247.0 1.0
1249.0 0.0
1251.0 1.0
1253.0 0.0
1255.0 0.0
1257.0 1.0
1259.0 0.0
1261.0 0.0
1263.0 0.0
1265.0 1.0
1267.0 0.0
1269.0 0.0
1271.0 0.0
1273.0 0.0
1275.0 0.0
1277.0 2.0
1279.0 0.0
1281.0 0.0
1283.0 1.0
1285.0 0.0
1287.0 0.0
1289.0 0.0
1291.0 0.0
1293.0 1.0
1295.0 0.0
1297.0 0.0
1299.0 0.0
1301.0 1.0
1303.0 0.0
1305.0 0.0
1307.0 0.0
1309.0 0.0
1311.0 0.0
1313.0 0.0
1315.0 0.0
1317.0 0.0
1319.0 0.0
1321.0 1.0
1323.0 0.0
1325.0 0.0
1327.0 0.0
1329.0 0.0
1331.0 0.0
1333.0 0.0
1335.0 0.0
1337.0 0.0
1339.0 0.0
1341.0 0.0
1343.0 0.0
1345.0 0.0
1347.0 0.0
1349.0 0.0
1351.0 0.0
1353.0 1.0
1355.0 0.0
1357.0 0.0
1359.0 0.0
1361.0 0.0
1363.0 0.0
1365.0 2.0
1367.0 0.0
1369.0 0.0
1371.0 0.0
1373.0 0.0
1375.0 0.0
1377.0 0.0
1379.0 0.0
1381.0 0.0
1383.0 0.0
1385.0 0.0
1387.0 0.0
1389.0 0.0
1391.0 1.0
1393.0 0.0
1395.0 0.0
1397.0 0.0
1399.0 1.0
1401.0 1.0
1403.0 2.0
1405.0 0.0
1407.0 1.0
1409.0 1.0
1411.0 0.0
1413.0 1.0
1415.0 0.0
1417.0 0.0
1419.0 0.0
1421.0 0.0
1423.0 0.0
1425.0 1.0
1427.0 0.0
1429.0 1.0
1431.0 0.0
1433.0 0.0
1435.0 0.0
1437.0 0.0
1439.0 0.0
1441.0 1.0
1443.0 0.0
1445.0 0.0
1447.0 1.0
1449.0 0.0
1451.0 0.0
1453.0 1.0
1455.0 0.0
1457.0 1.0
1459.0 0.0
1461.0 0.0
1463.0 1.0
1465.0 2.0
1467.0 0.0
1469.0 1.0
1471.0 1.0
1473.0 0.0
1475.0 1.0
1477.0 0.0
1479.0 0.0
1481.0 0.0
1483.0 1.0
1485.0 0.0
1487.0 1.0
1489.0 1.0
1491.0 1.0
1493.0 0.0
1495.0 0.0
1497.0 0.0
1499.0 0.0
1501.0 1.0
1503.0 0.0
1505.0 1.0
1507.0 1.0
1509.0 0.0
1511.0 0.0
1513.0 0.0
1515.0 1.0
1517.0 0.0
1519.0 0.0
1521.0 0.0
1523.0 0.0
1525.0 1.0
1527.0 0.0
1529.0 0.0
1531.0 0.0
1533.0 0.0
1535.0 0.0
1537.0 1.0
1539.0 0.0
1541.0 0.0
1543.0 0.0
1545.0 0.0
1547.0 0.0
1549.0 0.0
1551.0 0.0
1553.0 0.0
1555.0 0.0
1557.0 0.0
1559.0 0.0
1561.0 1.0
1563.0 1.0
1565.0 0.0
1567.0 0.0
1569.0 0.0
1571.0 0.0
1573.0 0.0
1575.0 0.0
1577.0 0.0
1579.0 0.0
1581.0 0.0
1583.0 0.0
1585.0 0.0
1587.0 0.0
1589.0 0.0
1591.0 0.0
1593.0 0.0
1595.0 0.0
1597.0 0.0
1599.0 1.0
1601.0 0.0
1603.0 0.0
1605.0 0.0
1607.0 0.0
1609.0 1.0
1611.0 0.0
1613.0 0.0
1615.0 0.0
1617.0 0.0
1619.0 0.0
1621.0 1.0
1623.0 0.0
1625.0 0.0
1627.0 0.0
1629.0 0.0
1631.0 0.0
1633.0 0.0
1635.0 0.0
1637.0 0.0
1639.0 0.0
1641.0 0.0
1643.0 0.0
1645.0 0.0
1647.0 0.0
1649.0 0.0
1651.0 0.0
1653.0 0.0
1655.0 1.0
1657.0 0.0
1659.0 1.0
1661.0 0.0
1663.0 0.0
1665.0 0.0
1667.0 1.0
1669.0 0.0
1671.0 0.0
1673.0 0.0
1675.0 0.0
1677.0 0.0
1679.0 0.0
1681.0 0.0
1683.0 0.0
1685.0 0.0
1687.0 0.0
1689.0 1.0
1691.0 0.0
1693.0 0.0
1695.0 0.0
1697.0 1.0
1699.0 0.0
1701.0 0.0
1703.0 0.0
1705.0 0.0
1707.0 2.0
1709.0 1.0
1711.0 0.0
1713.0 0.0
1715.0 0.0
1717.0 0.0
1719.0 0.0
1721.0 0.0
1723.0 1.0
1725.0 0.0
1727.0 0.0
1729.0 0.0
1731.0 0.0
1733.0 0.0
1735.0 0.0
1737.0 0.0
1739.0 0.0
1741.0 0.0
1743.0 0.0
1745.0 0.0
1747.0 2.0
1749.0 0.0
1751.0 0.0
1753.0 0.0
1755.0 0.0
1757.0 0.0
1759.0 0.0
1761.0 0.0
1763.0 0.0
1765.0 0.0
1767.0 0.0
1769.0 0.0
1771.0 0.0
1773.0 0.0
1775.0 0.0
1777.0 0.0
1779.0 0.0
1781.0 0.0
1783.0 0.0
1785.0 0.0
1787.0 0.0
1789.0 0.0
1791.0 0.0
1793.0 0.0
1795.0 0.0
1797.0 0.0
1799.0 0.0
1801.0 0.0
1803.0 0.0
1805.0 0.0
1807.0 0.0
1809.0 0.0
1811.0 0.0
1813.0 0.0
1815.0 0.0
1817.0 0.0
1819.0 0.0
1821.0 0.0
1823.0 0.0
1825.0 0.0
1827.0 0.0
1829.0 0.0
1831.0 0.0
1833.0 0.0
1835.0 1.0
1837.0 0.0
1839.0 0.0
1841.0 0.0
1843.0 0.0
1845.0 0.0
1847.0 0.0
1849.0 0.0
1851.0 0.0
1853.0 0.0
1855.0 0.0
1857.0 0.0
1859.0 0.0
1861.0 2.0
1863.0 0.0
1865.0 0.0
1867.0 1.0
1869.0 0.0
1871.0 0.0
1873.0 0.0
1875.0 0.0
1877.0 0.0
1879.0 0.0
1881.0 0.0
1883.0 1.0
1885.0 0.0
1887.0 0.0
1889.0 1.0
1891.0 0.0
1893.0 1.0
1895.0 0.0
1897.0 0.0
1899.0 0.0
1901.0 1.0
1903.0 1.0
1905.0 2.0
1907.0 0.0
1909.0 1.0
1911.0 1.0
1913.0 0.0
1915.0 1.0
1917.0 1.0
1919.0 0.0
1921.0 0.0
1923.0 0.0
1925.0 1.0
1927.0 0.0
1929.0 0.0
1931.0 2.0
1933.0 0.0
1935.0 1.0
1937.0 1.0
1939.0 0.0
1941.0 0.0
1943.0 0.0
1945.0 0.0
1947.0 0.0
1949.0 1.0
1951.0 0.0
1953.0 0.0
1955.0 0.0
1957.0 0.0
1959.0 0.0
1961.0 0.0
1963.0 1.0
1965.0 0.0
1967.0 0.0
1969.0 0.0
1971.0 0.0
1973.0 0.0
1975.0 0.0
1977.0 0.0
1979.0 0.0
1981.0 0.0
1983.0 0.0
1985.0 0.0
1987.0 0.0
1989.0 0.0
1991.0 0.0
1993.0 0.0
1995.0 0.0
1997.0 0.0
1999.0 0.0
bin_center N_events
1.0 0.0
3.0 0.0
5.0 0.0
7.0 0.0
9.0 0.0
11.0 1.0
13.0 0.0
15.0 0.0
17.0 0.0
19.0 2.0
21.0 0.0
23.0 2.0
25.0 0.0
27.0 0.0
29.0 0.0
31.0 0.0
33.0 0.0
35.0 0.0
37.0 0.0
39.0 4.0
41.0 7.0
43.0 17.0
45.0 50.0
47.0 89.0
49.0 168.0
51.0 325.0
53.0 522.0
55.0 768.0
57.0 1034.0
59.0 1335.0
61.0 1536.0
63.0 1468.0
65.0 1530.0
67.0 1401.0
69.0 1413.0
71.0 1437.0
73.0 1314.0
75.0 1282.0
77.0 1320.0
79.0 1192.0
81.0 1131.0
83.0 1026.0
85.0 1093.0
87.0 1054.0
89.0 1090.0
91.0 1065.0
93.0 978.0
95.0 1028.0
97.0 1034.0
99.0 1021.0
101.0 1038.0
103.0 1045.0
105.0 1086.0
107.0 1069.0
109.0 1009.0
111.0 1058.0
113.0 1108.0
115.0 1135.0
117.0 1165.0
119.0 1094.0
121.0 1137.0
123.0 1133.0
125.0 1112.0
127.0 1193.0
129.0 1123.0
131.0 1099.0
133.0 1159.0
135.0 1098.0
137.0 1126.0
139.0 1093.0
141.0 1094.0
143.0 1104.0
145.0 1085.0
147.0 1092.0
149.0 1084.0
151.0 1078.0
153.0 1130.0
155.0 1168.0
157.0 1143.0
159.0 1138.0
161.0 1161.0
163.0 1147.0
165.0 1158.0
167.0 1169.0
169.0 1129.0
171.0 1094.0
173.0 1140.0
175.0 1195.0
177.0 1148.0
179.0 1178.0
181.0 1196.0
183.0 1194.0
185.0 1164.0
187.0 1202.0
189.0 1257.0
191.0 1255.0
193.0 1273.0
195.0 1308.0
197.0 1289.0
199.0 1429.0
201.0 1323.0
203.0 1463.0
205.0 1405.0
207.0 1459.0
209.0 1515.0
211.0 1539.0
213.0 1561.0
215.0 1506.0
217.0 1523.0
219.0 1531.0
221.0 1467.0
223.0 1403.0
225.0 1474.0
227.0 1381.0
229.0 1399.0
231.0 1411.0
233.0 1437.0
235.0 1375.0
237.0 1324.0
239.0 1383.0
241.0 1334.0
243.0 1343.0
245.0 1292.0
247.0 1374.0
249.0 1288.0
251.0 1284.0
253.0 1270.0
255.0 1249.0
257.0 1276.0
259.0 1210.0
261.0 1308.0
263.0 1226.0
265.0 1264.0
267.0 1201.0
269.0 1173.0
271.0 1144.0
273.0 1167.0
275.0 1198.0
277.0 1194.0
279.0 1205.0
281.0 1206.0
283.0 1138.0
285.0 1109.0
287.0 1125.0
289.0 1119.0
291.0 1058.0
293.0 1082.0
295.0 1099.0
297.0 1160.0
299.0 1082.0
301.0 1127.0
303.0 1073.0
305.0 1051.0
307.0 1057.0
309.0 1122.0
311.0 1081.0
313.0 1074.0
315.0 1006.0
317.0 992.0
319.0 981.0
321.0 1007.0
323.0 1003.0
325.0 1065.0
327.0 940.0
329.0 1075.0
331.0 1005.0
333.0 986.0
335.0 1003.0
337.0 996.0
339.0 1035.0
341.0 1008.0
343.0 1004.0
345.0 992.0
347.0 952.0
349.0 958.0
351.0 978.0
353.0 970.0
355.0 1026.0
357.0 962.0
359.0 994.0
361.0 956.0
363.0 937.0
365.0 956.0
367.0 951.0
369.0 881.0
371.0 951.0
373.0 949.0
375.0 949.0
377.0 973.0
379.0 916.0
381.0 943.0
383.0 953.0
385.0 993.0
387.0 941.0
389.0 907.0
391.0 932.0
393.0 973.0
395.0 952.0
397.0 1008.0
399.0 944.0
401.0 900.0
403.0 992.0
405.0 919.0
407.0 930.0
409.0 938.0
411.0 910.0
413.0 893.0
415.0 961.0
417.0 892.0
419.0 892.0
421.0 873.0
423.0 935.0
425.0 925.0
427.0 915.0
429.0 935.0
431.0 915.0
433.0 898.0
435.0 879.0
437.0 952.0
439.0 918.0
441.0 928.0
443.0 951.0
445.0 972.0
447.0 919.0
449.0 919.0
451.0 912.0
453.0 915.0
455.0 988.0
457.0 887.0
459.0 824.0
461.0 887.0
463.0 905.0
465.0 878.0
467.0 917.0
469.0 921.0
471.0 913.0
473.0 944.0
475.0 852.0
477.0 941.0
479.0 899.0
481.0 935.0
483.0 910.0
485.0 948.0
487.0 906.0
489.0 949.0
491.0 907.0
493.0 906.0
495.0 921.0
497.0 962.0
499.0 926.0
501.0 935.0
503.0 945.0
505.0 926.0
507.0 941.0
509.0 938.0
511.0 906.0
513.0 991.0
515.0 920.0
517.0 974.0
519.0 970.0
521.0 951.0
523.0 951.0
525.0 920.0
527.0 947.0
529.0 1031.0
531.0 938.0
533.0 934.0
535.0 901.0
537.0 954.0
539.0 953.0
541.0 967.0
543.0 902.0
545.0 978.0
547.0 1024.0
549.0 949.0
551.0 970.0
553.0 989.0
555.0 932.0
557.0 926.0
559.0 971.0
561.0 1008.0
563.0 967.0
565.0 912.0
567.0 979.0
569.0 935.0
571.0 959.0
573.0 915.0
575.0 930.0
577.0 912.0
579.0 932.0
581.0 910.0
583.0 884.0
585.0 827.0
587.0 783.0
589.0 814.0
591.0 794.0
593.0 785.0
595.0 704.0
597.0 687.0
599.0 661.0
601.0 652.0
603.0 593.0
605.0 598.0
607.0 525.0
609.0 547.0
611.0 492.0
613.0 431.0
615.0 451.0
617.0 419.0
619.0 371.0
621.0 388.0
623.0 395.0
625.0 382.0
627.0 354.0
629.0 333.0
631.0 373.0
633.0 354.0
635.0 322.0
637.0 332.0
639.0 290.0
641.0 289.0
643.0 286.0
645.0 286.0
647.0 245.0
649.0 249.0
651.0 269.0
653.0 300.0
655.0 268.0
657.0 229.0
659.0 247.0
661.0 232.0
663.0 241.0
665.0 246.0
667.0 244.0
669.0 221.0
671.0 215.0
673.0 201.0
675.0 224.0
677.0 195.0
679.0 208.0
681.0 195.0
683.0 157.0
685.0 208.0
687.0 189.0
689.0 157.0
691.0 168.0
693.0 203.0
695.0 168.0
697.0 159.0
699.0 166.0
701.0 168.0
703.0 157.0
705.0 158.0
707.0 166.0
709.0 147.0
711.0 154.0
713.0 159.0
715.0 161.0
717.0 155.0
719.0 152.0
721.0 144.0
723.0 152.0
725.0 155.0
727.0 140.0
729.0 144.0
731.0 141.0
733.0 140.0
735.0 132.0
737.0 134.0
739.0 123.0
741.0 132.0
743.0 133.0
745.0 128.0
747.0 132.0
749.0 135.0
751.0 145.0
753.0 118.0
755.0 132.0
757.0 112.0
759.0 98.0
761.0 115.0
763.0 120.0
765.0 94.0
767.0 111.0
769.0 132.0
771.0 122.0
773.0 133.0
775.0 133.0
777.0 114.0
779.0 124.0
781.0 113.0
783.0 136.0
785.0 144.0
787.0 153.0
789.0 165.0
791.0 175.0
793.0 218.0
795.0 237.0
797.0 276.0
799.0 341.0
801.0 459.0
803.0 518.0
805.0 615.0
807.0 798.0
809.0 931.0
811.0 1141.0
813.0 1374.0
815.0 1549.0
817.0 1915.0
819.0 2097.0
821.0 2413.0
823.0 2854.0
825.0 3108.0
827.0 3439.0
829.0 3752.0
831.0 3952.0
833.0 4290.0
835.0 4519.0
837.0 4431.0
839.0 4427.0
841.0 4468.0
843.0 4508.0
845.0 4182.0
847.0 4028.0
849.0 3801.0
851.0 3599.0
853.0 3194.0
855.0 2957.0
857.0 2617.0
859.0 2269.0
861.0 1958.0
863.0 1654.0
865.0 1454.0
867.0 1211.0
869.0 926.0
871.0 774.0
873.0 701.0
875.0 548.0
877.0 427.0
879.0 354.0
881.0 249.0
883.0 188.0
885.0 152.0
887.0 102.0
889.0 79.0
891.0 60.0
893.0 42.0
895.0 28.0
897.0 20.0
899.0 24.0
901.0 20.0
903.0 11.0
905.0 7.0
907.0 6.0
909.0 5.0
911.0 1.0
913.0 1.0
915.0 1.0
917.0 0.0
919.0 1.0
921.0 0.0
923.0 0.0
925.0 0.0
927.0 0.0
929.0 2.0
931.0 1.0
933.0 0.0
935.0 1.0
937.0 0.0
939.0 0.0
941.0 1.0
943.0 1.0
945.0 1.0
947.0 1.0
949.0 0.0
951.0 1.0
953.0 0.0
955.0 0.0
957.0 0.0
959.0 0.0
961.0 0.0
963.0 1.0
965.0 2.0
967.0 0.0
969.0 0.0
971.0 1.0
973.0 1.0
975.0 0.0
977.0 0.0
979.0 0.0
981.0 2.0
983.0 1.0
985.0 0.0
987.0 0.0
989.0 0.0
991.0 0.0
993.0 0.0
995.0 0.0
997.0 0.0
999.0 0.0
1001.0 0.0
1003.0 0.0
1005.0 0.0
1007.0 1.0
1009.0 0.0
1011.0 0.0
1013.0 0.0
1015.0 0.0
1017.0 1.0
1019.0 0.0
1021.0 0.0
1023.0 0.0
1025.0 0.0
1027.0 0.0
1029.0 0.0
1031.0 1.0
1033.0 0.0
1035.0 0.0
1037.0 0.0
1039.0 1.0
1041.0 0.0
1043.0 0.0
1045.0 0.0
1047.0 2.0
1049.0 0.0
1051.0 0.0
1053.0 0.0
1055.0 0.0
1057.0 0.0
1059.0 0.0
1061.0 0.0
1063.0 0.0
1065.0 0.0
1067.0 1.0
1069.0 0.0
1071.0 0.0
1073.0 1.0
1075.0 0.0
1077.0 0.0
1079.0 1.0
1081.0 0.0
1083.0 0.0
1085.0 0.0
1087.0 0.0
1089.0 1.0
1091.0 2.0
1093.0 0.0
1095.0 0.0
1097.0 0.0
1099.0 0.0
1101.0 1.0
1103.0 0.0
1105.0 0.0
1107.0 0.0
1109.0 1.0
1111.0 0.0
1113.0 0.0
1115.0 1.0
1117.0 0.0
1119.0 0.0
1121.0 0.0
1123.0 0.0
1125.0 0.0
1127.0 1.0
1129.0 0.0
1131.0 0.0
1133.0 0.0
1135.0 0.0
1137.0 1.0
1139.0 0.0
1141.0 2.0
1143.0 0.0
1145.0 0.0
1147.0 0.0
1149.0 0.0
1151.0 0.0
1153.0 0.0
1155.0 0.0
1157.0 1.0
1159.0 0.0
1161.0 0.0
1163.0 1.0
1165.0 1.0
1167.0 0.0
1169.0 1.0
1171.0 0.0
1173.0 0.0
1175.0 0.0
1177.0 1.0
1179.0 0.0
1181.0 0.0
1183.0 0.0
1185.0 0.0
1187.0 0.0
1189.0 1.0
1191.0 0.0
1193.0 2.0
1195.0 0.0
1197.0 0.0
1199.0 0.0
1201.0 1.0
1203.0 0.0
1205.0 1.0
1207.0 0.0
1209.0 1.0
1211.0 0.0
1213.0 0.0
1215.0 1.0
1217.0 0.0
1219.0 0.0
1221.0 0.0
1223.0 0.0
1225.0 0.0
1227.0 0.0
1229.0 0.0
1231.0 3.0
1233.0 0.0
1235.0 0.0
1237.0 0.0
1239.0 0.0
1241.0 1.0
1243.0 0.0
1245.0 0.0
1247.0 1.0
1249.0 0.0
1251.0 1.0
1253.0 0.0
1255.0 0.0
1257.0 1.0
1259.0 0.0
1261.0 0.0
1263.0 0.0
1265.0 1.0
1267.0 0.0
1269.0 0.0
1271.0 0.0
1273.0 0.0
1275.0 0.0
1277.0 2.0
1279.0 0.0
1281.0 0.0
1283.0 1.0
1285.0 0.0
1287.0 0.0
1289.0 0.0
1291.0 0.0
1293.0 1.0
1295.0 0.0
1297.0 0.0
1299.0 0.0
1301.0 1.0
1303.0 0.0
1305.0 0.0
1307.0 0.0
1309.0 0.0
1311.0 0.0
1313.0 0.0
1315.0 0.0
1317.0 0.0
1319.0 0.0
1321.0 1.0
1323.0 0.0
1325.0 0.0
1327.0 0.0
1329.0 0.0
1331.0 0.0
1333.0 0.0
1335.0 0.0
1337.0 0.0
1339.0 0.0
1341.0 0.0
1343.0 0.0
1345.0 0.0
1347.0 0.0
1349.0 0.0
1351.0 0.0
1353.0 1.0
1355.0 0.0
1357.0 0.0
1359.0 0.0
1361.0 0.0
1363.0 0.0
1365.0 2.0
1367.0 0.0
1369.0 0.0
1371.0 0.0
1373.0 0.0
1375.0 0.0
1377.0 0.0
1379.0 0.0
1381.0 0.0
1383.0 0.0
1385.0 0.0
1387.0 0.0
1389.0 0.0
1391.0 1.0
1393.0 0.0
1395.0 0.0
1397.0 0.0
1399.0 1.0
1401.0 1.0
1403.0 2.0
1405.0 0.0
1407.0 1.0
1409.0 1.0
1411.0 0.0
1413.0 1.0
1415.0 0.0
1417.0 0.0
1419.0 0.0
1421.0 0.0
1423.0 0.0
1425.0 1.0
1427.0 0.0
1429.0 1.0
1431.0 0.0
1433.0 0.0
1435.0 0.0
1437.0 0.0
1439.0 0.0
1441.0 1.0
1443.0 0.0
1445.0 0.0
1447.0 1.0
1449.0 0.0
1451.0 0.0
1453.0 1.0
1455.0 0.0
1457.0 1.0
1459.0 0.0
1461.0 0.0
1463.0 1.0
1465.0 2.0
1467.0 0.0
1469.0 1.0
1471.0 1.0
1473.0 0.0
1475.0 1.0
1477.0 0.0
1479.0 0.0
1481.0 0.0
1483.0 1.0
1485.0 0.0
1487.0 1.0
1489.0 1.0
1491.0 1.0
1493.0 0.0
1495.0 0.0
1497.0 0.0
1499.0 0.0
1501.0 1.0
1503.0 0.0
1505.0 1.0
1507.0 1.0
1509.0 0.0
1511.0 0.0
1513.0 0.0
1515.0 1.0
1517.0 0.0
1519.0 0.0
1521.0 0.0
1523.0 0.0
1525.0 1.0
1527.0 0.0
1529.0 0.0
1531.0 0.0
1533.0 0.0
1535.0 0.0
1537.0 1.0
1539.0 0.0
1541.0 0.0
1543.0 0.0
1545.0 0.0
1547.0 0.0
1549.0 0.0
1551.0 0.0
1553.0 0.0
1555.0 0.0
1557.0 0.0
1559.0 0.0
1561.0 1.0
1563.0 1.0
1565.0 0.0
1567.0 0.0
1569.0 0.0
1571.0 0.0
1573.0 0.0
1575.0 0.0
1577.0 0.0
1579.0 0.0
1581.0 0.0
1583.0 0.0
1585.0 0.0
1587.0 0.0
1589.0 0.0
1591.0 0.0
1593.0 0.0
1595.0 0.0
1597.0 0.0
1599.0 1.0
1601.0 0.0
1603.0 0.0
1605.0 0.0
1607.0 0.0
1609.0 1.0
1611.0 0.0
1613.0 0.0
1615.0 0.0
1617.0 0.0
1619.0 0.0
1621.0 1.0
1623.0 0.0
1625.0 0.0
1627.0 0.0
1629.0 0.0
1631.0 0.0
1633.0 0.0
1635.0 0.0
1637.0 0.0
1639.0 0.0
1641.0 0.0
1643.0 0.0
1645.0 0.0
1647.0 0.0
1649.0 0.0
1651.0 0.0
1653.0 0.0
1655.0 1.0
1657.0 0.0
1659.0 1.0
1661.0 0.0
1663.0 0.0
1665.0 0.0
1667.0 1.0
1669.0 0.0
1671.0 0.0
1673.0 0.0
1675.0 0.0
1677.0 0.0
1679.0 0.0
1681.0 0.0
1683.0 0.0
1685.0 0.0
1687.0 0.0
1689.0 1.0
1691.0 0.0
1693.0 0.0
1695.0 0.0
1697.0 1.0
1699.0 0.0
1701.0 0.0
1703.0 0.0
1705.0 0.0
1707.0 2.0
1709.0 1.0
1711.0 0.0
1713.0 0.0
1715.0 0.0
1717.0 0.0
1719.0 0.0
1721.0 0.0
1723.0 1.0
1725.0 0.0
1727.0 0.0
1729.0 0.0
1731.0 0.0
1733.0 0.0
1735.0 0.0
1737.0 0.0
1739.0 0.0
1741.0 0.0
1743.0 0.0
1745.0 0.0
1747.0 2.0
1749.0 0.0
1751.0 0.0
1753.0 0.0
1755.0 0.0
1757.0 0.0
1759.0 0.0
1761.0 0.0
1763.0 0.0
1765.0 0.0
1767.0 0.0
1769.0 0.0
1771.0 0.0
1773.0 0.0
1775.0 0.0
1777.0 0.0
1779.0 0.0
1781.0 0.0
1783.0 0.0
1785.0 0.0
1787.0 0.0
1789.0 0.0
1791.0 0.0
1793.0 0.0
1795.0 0.0
1797.0 0.0
1799.0 0.0
1801.0 0.0
1803.0 0.0
1805.0 0.0
1807.0 0.0
1809.0 0.0
1811.0 0.0
1813.0 0.0
1815.0 0.0
1817.0 0.0
1819.0 0.0
1821.0 0.0
1823.0 0.0
1825.0 0.0
1827.0 0.0
1829.0 0.0
1831.0 0.0
1833.0 0.0
1835.0 1.0
1837.0 0.0
1839.0 0.0
1841.0 0.0
1843.0 0.0
1845.0 0.0
1847.0 0.0
1849.0 0.0
1851.0 0.0
1853.0 0.0
1855.0 0.0
1857.0 0.0
1859.0 0.0
1861.0 2.0
1863.0 0.0
1865.0 0.0
1867.0 1.0
1869.0 0.0
1871.0 0.0
1873.0 0.0
1875.0 0.0
1877.0 0.0
1879.0 0.0
1881.0 0.0
1883.0 1.0
1885.0 0.0
1887.0 0.0
1889.0 1.0
1891.0 0.0
1893.0 1.0
1895.0 0.0
1897.0 0.0
1899.0 0.0
1901.0 1.0
1903.0 1.0
1905.0 2.0
1907.0 0.0
1909.0 1.0
1911.0 1.0
1913.0 0.0
1915.0 1.0
1917.0 1.0
1919.0 0.0
1921.0 0.0
1923.0 0.0
1925.0 1.0
1927.0 0.0
1929.0 0.0
1931.0 2.0
1933.0 0.0
1935.0 1.0
1937.0 1.0
1939.0 0.0
1941.0 0.0
1943.0 0.0
1945.0 0.0
1947.0 0.0
1949.0 1.0
1951.0 0.0
1953.0 0.0
1955.0 0.0
1957.0 0.0
1959.0 0.0
1961.0 0.0
1963.0 1.0
1965.0 0.0
1967.0 0.0
1969.0 0.0
1971.0 0.0
1973.0 0.0
1975.0 0.0
1977.0 0.0
1979.0 0.0
1981.0 0.0
1983.0 0.0
1985.0 0.0
1987.0 0.0
1989.0 0.0
1991.0 0.0
1993.0 0.0
1995.0 0.0
1997.0 0.0
1999.0 0.0
