    1       15977 
    2       16557 
    3       16638 
    4       16705 
    5       16652 
    6       17187 
    7       16748 
    8       16451 
    9       15953 
   10       15528 
   11       15246 
   12       14758 
   13       14297 
   14       13909 
   15       13496 
   16       13295 
   17       13051 
   18       12766 
   19       12248 
   20       12209 
   21       11923 
   22       11566 
   23       11321 
   24       11325 
   25       11254 
   26       11149 
   27       10945 
   28       11189 
   29       10827 
   30       11229 
   31       11062 
   32       11328 
   33       11229 
   34       11389 
   35       11288 
   36       11502 
   37       11512 
   38       11196 
   39       11558 
   40       11384 
   41       11048 
   42       11003 
   43       11103 
   44       10773 
   45       10730 
   46       10580 
   47       10441 
   48       10605 
   49       10387 
   50       10034 
   51        9966 
   52       10080 
   53       10054 
   54       10103 
   55       10042 
   56        9845 
   57        9682 
   58        9855 
   59        9886 
   60        9711 
   61        9950 
   62        9813 
   63        9853 
   64        9941 
   65        9885 
   66        9816 
   67        9987 
   68        9986 
   69       10216 
   70        9793 
   71       10044 
   72       10092 
   73       10082 
   74        9918 
   75        9903 
   76        9809 
   77        9668 
   78        9513 
   79        9468 
   80        9180 
   81        9031 
   82        8720 
   83        8418 
   84        8203 
   85        7842 
   86        7417 
   87        7280 
   88        6632 
   89        6417 
   90        6155 
   91        5747 
   92        5269 
   93        5072 
   94        4736 
   95        4439 
   96        4232 
   97        3932 
   98        3542 
   99        3454 
  100        3239 
  101        3023 
  102        2877 
  103        2656 
  104        2598 
  105        2486 
  106        2257 
  107        2173 
  108        2054 
  109        1995 
  110        1923 
  111        1814 
  112        1741 
  113        1627 
  114        1584 
  115        1543 
  116        1429 
  117        1455 
  118        1363 
  119        1366 
  120        1341 
  121        1314 
  122        1235 
  123        1277 
  124        1189 
  125        1179 
  126        1194 
  127        1145 
  128        1162 
  129        1104 
  130        1109 
  131        1106 
  132        1139 
  133        1054 
  134        1108 
  135        1104 
  136        1035 
  137        1050 
  138        1068 
  139        1009 
  140        1119 
  141        1097 
  142        1062 
  143        1056 
  144        1085 
  145        1099 
  146        1022 
  147        1084 
  148        1008 
  149        1083 
  150        1036 
  151        1005 
  152        1030 
  153         954 
  154        1042 
  155         994 
  156        1004 
  157        1012 
  158        1094 
  159         964 
  160        1016 
  161        1017 
  162        1010 
  163        1034 
  164        1020 
  165        1023 
  166        1013 
  167        1057 
  168        1025 
  169        1008 
  170        1013 
  171        1028 
  172        1052 
  173         965 
  174         957 
  175        1016 
  176        1050 
  177         949 
  178         967 
  179         985 
  180         964 
  181         977 
  182         962 
  183         964 
  184         955 
  185         979 
  186         987 
  187         983 
  188        1000 
  189        1010 
  190        1039 
  191         956 
  192         963 
  193         997 
  194         990 
  195         971 
  196         971 
  197         950 
  198         957 
  199        1043 
  200         931 
  201        1020 
  202         932 
  203         943 
  204         988 
  205         980 
  206         957 
  207        1014 
  208         993 
  209         992 
  210         982 
  211        1037 
  212         976 
  213         963 
  214        1030 
  215         960 
  216         974 
  217         979 
  218         997 
  219         916 
  220        1014 
  221        1002 
  222        1014 
  223        1018 
  224         987 
  225        1022 
  226        1020 
  227        1053 
  228        1016 
  229        1004 
  230         974 
  231        1021 
  232         985 
  233        1046 
  234        1001 
  235        1100 
  236        1031 
  237        1021 
  238         992 
  239        1076 
  240        1034 
  241        1052 
  242        1060 
  243        1121 
  244        1096 
  245        1091 
  246        1067 
  247        1092 
  248        1063 
  249        1108 
  250        1084 
  251        1116 
  252        1109 
  253        1090 
  254        1176 
  255        1129 
  256        1121 
  257        1119 
  258        1180 
  259        1177 
  260        1210 
  261        1129 
  262        1186 
  263        1161 
  264        1201 
  265        1166 
  266        1164 
  267        1143 
  268        1252 
  269        1153 
  270        1284 
  271        1185 
  272        1231 
  273        1201 
  274        1255 
  275        1286 
  276        1312 
  277        1273 
  278        1257 
  279        1246 
  280        1261 
  281        1287 
  282        1294 
  283        1266 
  284        1237 
  285        1276 
  286        1338 
  287        1288 
  288        1419 
  289        1336 
  290        1314 
  291        1362 
  292        1353 
  293        1361 
  294        1431 
  295        1384 
  296        1400 
  297        1410 
  298        1497 
  299        1410 
  300        1496 
  301        1467 
  302        1511 
  303        1473 
  304        1460 
  305        1421 
  306        1581 
  307        1487 
  308        1457 
  309        1480 
  310        1491 
  311        1454 
  312        1360 
  313        1457 
  314        1426 
  315        1445 
  316        1410 
  317        1417 
  318        1442 
  319        1377 
  320        1354 
  321        1303 
  322        1330 
  323        1350 
  324        1323 
  325        1265 
  326        1284 
  327        1241 
  328        1179 
  329        1156 
  330        1162 
  331        1082 
  332        1053 
  333        1009 
  334        1074 
  335         990 
  336         932 
  337         996 
  338         873 
  339         825 
  340         863 
  341         759 
  342         708 
  343         681 
  344         691 
  345         676 
  346         575 
  347         570 
  348         593 
  349         524 
  350         530 
  351         447 
  352         408 
  353         407 
  354         407 
  355         377 
  356         365 
  357         340 
  358         301 
  359         289 
  360         284 
  361         261 
  362         263 
  363         229 
  364         256 
  365         234 
  366         199 
  367         166 
  368         176 
  369         179 
  370         196 
  371         173 
  372         151 
  373         143 
  374         135 
  375         119 
  376         131 
  377         113 
  378         124 
  379         128 
  380          91 
  381         107 
  382          91 
  383          93 
  384          89 
  385          91 
  386          81 
  387          85 
  388          66 
  389          77 
  390          63 
  391          76 
  392          67 
  393          60 
  394          77 
  395          65 
  396          65 
  397          51 
  398          63 
  399          60 
  400          56 
  401          51 
  402          56 
  403          57 
  404          57 
  405          54 
  406          51 
  407          56 
  408          42 
  409          34 
  410          44 
  411          43 
  412          37 
  413          34 
  414          31 
  415          34 
  416          38 
  417          27 
  418          29 
  419          30 
  420          33 
  421          32 
  422          26 
  423          32 
  424          24 
  425          32 
  426          26 
  427          26 
  428          26 
  429          18 
  430          26 
  431          10 
  432          26 
  433          19 
  434          17 
  435          11 
  436          14 
  437           8 
  438          15 
  439           9 
  440          15 
  441          16 
  442           8 
  443          14 
  444           6 
  445           9 
  446          12 
  447           3 
  448           4 
  449          14 
  450           9 
  451          10 
  452          12 
  453           8 
  454          11 
  455           9 
  456           5 
  457           6 
  458           8 
  459           2 
  460           4 
  461           5 
  462           4 
  463           6 
  464           7 
  465           5 
  466           6 
  467           9 
  468           2 
  469           1 
  470           6 
  471           4 
  472           2 
  473           2 
  474           2 
  475           3 
  476           5 
  477           5 
  478           0 
  479           1 
  480           2 
  481           4 
  482           3 
  483           2 
  484           0 
  485           0 
  486           0 
  487           0 
  488           0 
  489           0 
  490           0 
  491           0 
  492           0 
  493           0 
  494           0 
  495           0 
  496           0 
  497           0 
  498           0 
  499           0 
  500           0 
  501           0 
  502           0 
  503           0 
  504           0 
  505           0 
  506           0 
  507           0 
  508           0 
  509           0 
  510           0 
  511           0 
  512           0 
