    1           0 
    2           0 
    3           0 
    4           0 
    5           0 
    6           0 
    7           0 
    8           0 
    9           0 
   10           0 
   11           2 
   12           1 
   13          19 
   14          23 
   15          24 
   16          26 
   17          23 
   18          29 
   19          28 
   20          19 
   21          21 
   22          26 
   23          28 
   24          30 
   25          24 
   26          37 
   27          30 
   28          21 
   29          34 
   30          35 
   31          28 
   32          43 
   33          31 
   34          47 
   35          43 
   36          34 
   37          50 
   38          59 
   39          49 
   40          73 
   41          74 
   42         104 
   43         133 
   44         213 
   45         348 
   46         554 
   47         810 
   48        1157 
   49        1492 
   50        1905 
   51        2023 
   52        2109 
   53        1974 
   54        1602 
   55        1261 
   56         867 
   57         651 
   58         400 
   59         256 
   60         157 
   61         112 
   62          70 
   63          61 
   64          50 
   65          47 
   66          42 
   67          31 
   68          28 
   69          30 
   70          36 
   71          23 
   72          25 
   73          32 
   74          21 
   75          28 
   76          27 
   77          22 
   78          14 
   79          18 
   80          20 
   81          29 
   82          24 
   83          25 
   84          18 
   85          21 
   86          21 
   87          21 
   88          20 
   89          19 
   90          20 
   91          18 
   92          28 
   93          27 
   94          40 
   95          59 
   96          57 
   97         101 
   98         137 
   99         162 
  100         213 
  101         264 
  102         274 
  103         271 
  104         242 
  105         184 
  106         167 
  107         112 
  108          79 
  109          45 
  110          31 
  111          36 
  112          22 
  113          19 
  114          26 
  115          12 
  116          16 
  117          19 
  118          14 
  119          22 
  120          12 
  121          11 
  122          21 
  123          14 
  124          15 
  125           8 
  126          19 
  127          11 
  128          12 
  129          13 
  130          14 
  131          20 
  132          12 
  133          20 
  134          22 
  135          14 
  136          15 
  137          16 
  138          15 
  139          21 
  140          25 
  141          20 
  142          29 
  143          31 
  144          47 
  145          65 
  146         103 
  147         155 
  148         237 
  149         287 
  150         363 
  151         396 
  152         435 
  153         428 
  154         382 
  155         275 
  156         242 
  157         161 
  158          91 
  159          78 
  160          59 
  161          47 
  162          36 
  163          24 
  164          20 
  165          19 
  166          19 
  167          21 
  168          20 
  169          15 
  170          22 
  171          16 
  172          28 
  173          15 
  174          24 
  175          14 
  176          28 
  177          19 
  178          19 
  179          15 
  180          28 
  181          23 
  182          17 
  183          21 
  184          27 
  185          25 
  186          27 
  187          22 
  188          28 
  189          22 
  190          33 
  191          28 
  192          29 
  193          34 
  194          49 
  195          56 
  196          62 
  197          94 
  198         147 
  199         201 
  200         216 
  201         292 
  202         257 
  203         282 
  204         266 
  205         208 
  206         158 
  207         140 
  208          96 
  209          76 
  210          61 
  211          46 
  212          40 
  213          33 
  214          45 
  215          27 
  216          33 
  217          38 
  218          37 
  219          37 
  220          40 
  221          49 
  222          48 
  223          35 
  224          35 
  225          41 
  226          31 
  227          44 
  228          42 
  229          54 
  230          51 
  231          51 
  232          47 
  233          52 
  234          60 
  235          56 
  236          74 
  237          64 
  238          66 
  239          84 
  240          77 
  241         108 
  242         116 
  243         150 
  244         210 
  245         327 
  246         455 
  247         665 
  248        1040 
  249        1580 
  250        1933 
  251        2604 
  252        3103 
  253        3468 
  254        3459 
  255        3172 
  256        2763 
  257        2212 
  258        1523 
  259        1014 
  260         679 
  261         402 
  262         256 
  263         170 
  264         135 
  265          85 
  266          93 
  267          77 
  268          63 
  269          60 
  270          50 
  271          69 
  272          48 
  273          35 
  274          46 
  275          43 
  276          41 
  277          47 
  278          34 
  279          38 
  280          44 
  281          38 
  282          30 
  283          28 
  284          28 
  285          34 
  286          44 
  287          39 
  288          30 
  289          38 
  290          39 
  291          42 
  292          32 
  293          50 
  294          35 
  295          71 
  296          64 
  297         100 
  298         124 
  299         195 
  300         252 
  301         302 
  302         404 
  303         465 
  304         410 
  305         395 
  306         362 
  307         288 
  308         224 
  309         163 
  310         112 
  311          67 
  312          46 
  313          46 
  314          38 
  315          31 
  316          37 
  317          26 
  318          26 
  319          28 
  320          19 
  321          27 
  322          27 
  323          26 
  324          22 
  325          26 
  326          18 
  327          20 
  328          23 
  329          27 
  330          13 
  331          23 
  332          25 
  333          21 
  334          25 
  335          15 
  336          27 
  337          24 
  338          19 
  339          28 
  340          24 
  341          30 
  342          25 
  343          31 
  344          32 
  345          46 
  346          86 
  347          98 
  348         130 
  349         196 
  350         231 
  351         299 
  352         385 
  353         400 
  354         437 
  355         471 
  356         388 
  357         302 
  358         257 
  359         145 
  360         101 
  361          73 
  362          50 
  363          41 
  364          30 
  365          24 
  366          22 
  367          24 
  368          15 
  369          16 
  370          21 
  371          21 
  372          21 
  373          16 
  374          20 
  375          12 
  376          19 
  377          21 
  378          15 
  379          17 
  380          20 
  381          19 
  382          14 
  383          12 
  384          13 
  385          18 
  386          19 
  387          18 
  388          21 
  389          24 
  390          19 
  391          21 
  392          27 
  393          39 
  394          31 
  395          39 
  396          56 
  397          80 
  398         104 
  399         127 
  400         203 
  401         290 
  402         343 
  403         423 
  404         464 
  405         477 
  406         471 
  407         459 
  408         355 
  409         232 
  410         154 
  411         130 
  412          76 
  413          48 
  414          46 
  415          29 
  416          37 
  417          21 
  418          17 
  419          14 
  420          16 
  421          18 
  422           5 
  423          15 
  424           6 
  425          13 
  426          13 
  427          14 
  428          14 
  429          15 
  430          14 
  431           9 
  432          12 
  433          12 
  434          14 
  435          19 
  436          14 
  437          13 
  438          14 
  439          11 
  440          18 
  441          25 
  442          25 
  443          21 
  444          24 
  445          43 
  446          48 
  447          58 
  448          85 
  449          88 
  450         159 
  451         173 
  452         283 
  453         330 
  454         390 
  455         461 
  456         460 
  457         425 
  458         351 
  459         326 
  460         241 
  461         167 
  462         119 
  463          62 
  464          38 
  465          30 
  466          25 
  467          28 
  468          11 
  469          12 
  470          12 
  471           9 
  472          12 
  473          15 
  474          14 
  475          13 
  476          12 
  477          11 
  478          17 
  479           8 
  480          10 
  481          11 
  482           6 
  483          10 
  484          11 
  485           9 
  486          16 
  487          11 
  488          11 
  489           6 
  490          11 
  491          12 
  492           8 
  493          12 
  494          14 
  495           5 
  496           0 
  497           0 
  498           0 
  499           0 
  500           0 
  501           0 
  502           0 
  503           0 
  504           0 
  505           0 
  506           0 
  507           0 
  508           0 
  509           0 
  510           0 
  511           0 
  512           0 
