    1           0 
    2           0 
    3           0 
    4           0 
    5           0 
    6           0 
    7           0 
    8           0 
    9           0 
   10           0 
   11           0 
   12           0 
   13           0 
   14           0 
   15           0 
   16           0 
   17           0 
   18           0 
   19           0 
   20           0 
   21           0 
   22           0 
   23           0 
   24           0 
   25           0 
   26           1 
   27           1 
   28           3 
   29           1 
   30           0 
   31           5 
   32           1 
   33           4 
   34           4 
   35           0 
   36           5 
   37           3 
   38           5 
   39           4 
   40           3 
   41           5 
   42          14 
   43          15 
   44          27 
   45          73 
   46         130 
   47         221 
   48         391 
   49         550 
   50         779 
   51         906 
   52        1025 
   53         986 
   54        1008 
   55         894 
   56         732 
   57         573 
   58         471 
   59         447 
   60         376 
   61         318 
   62         267 
   63         252 
   64         255 
   65         225 
   66         183 
   67         196 
   68         166 
   69         159 
   70         140 
   71         160 
   72         127 
   73         136 
   74         131 
   75         131 
   76         106 
   77         112 
   78         113 
   79         107 
   80          99 
   81         102 
   82          74 
   83          83 
   84          82 
   85          86 
   86          78 
   87          72 
   88          63 
   89          82 
   90          76 
   91          49 
   92          74 
   93          58 
   94          68 
   95          73 
   96          67 
   97          62 
   98          55 
   99          58 
  100          69 
  101          55 
  102          40 
  103          53 
  104          61 
  105          36 
  106          55 
  107          48 
  108          50 
  109          57 
  110          46 
  111          59 
  112          48 
  113          46 
  114          43 
  115          38 
  116          32 
  117          38 
  118          56 
  119          28 
  120          40 
  121          34 
  122          37 
  123          26 
  124          39 
  125          28 
  126          25 
  127          27 
  128          28 
  129          34 
  130          31 
  131          18 
  132          35 
  133          26 
  134          36 
  135          17 
  136          29 
  137          23 
  138          23 
  139          25 
  140          18 
  141          26 
  142          23 
  143          32 
  144          18 
  145           6 
  146          23 
  147          20 
  148          16 
  149          20 
  150          22 
  151          15 
  152          20 
  153          17 
  154          15 
  155          13 
  156          16 
  157          16 
  158          13 
  159          11 
  160          10 
  161          13 
  162           9 
  163          17 
  164          12 
  165          16 
  166          13 
  167          18 
  168          17 
  169          11 
  170           8 
  171           5 
  172          10 
  173          13 
  174          13 
  175          12 
  176           9 
  177           6 
  178          11 
  179           5 
  180           8 
  181           7 
  182          11 
  183           3 
  184           3 
  185           4 
  186           8 
  187           6 
  188           5 
  189           7 
  190           9 
  191           8 
  192           5 
  193           7 
  194           5 
  195           7 
  196           5 
  197           6 
  198           8 
  199           8 
  200           8 
  201           7 
  202           1 
  203          12 
  204           9 
  205           4 
  206           7 
  207           7 
  208           4 
  209           7 
  210           2 
  211           6 
  212           4 
  213           1 
  214           4 
  215           3 
  216           8 
  217           4 
  218           7 
  219           6 
  220           6 
  221           5 
  222           3 
  223           5 
  224           4 
  225           2 
  226           5 
  227           3 
  228           2 
  229           4 
  230           1 
  231           5 
  232           3 
  233           1 
  234           1 
  235           1 
  236           2 
  237           2 
  238           4 
  239           2 
  240           3 
  241           5 
  242           1 
  243           0 
  244           3 
  245           2 
  246           4 
  247           3 
  248           3 
  249           0 
  250           2 
  251           0 
  252           3 
  253           2 
  254           1 
  255           1 
  256           1 
  257           2 
  258           1 
  259           4 
  260           2 
  261           2 
  262           0 
  263           1 
  264           2 
  265           0 
  266           2 
  267           2 
  268           1 
  269           3 
  270           3 
  271           0 
  272           2 
  273           1 
  274           1 
  275           4 
  276           1 
  277           0 
  278           3 
  279           0 
  280           0 
  281           3 
  282           0 
  283           1 
  284           0 
  285           3 
  286           2 
  287           1 
  288           1 
  289           2 
  290           1 
  291           2 
  292           2 
  293           0 
  294           0 
  295           1 
  296           0 
  297           0 
  298           0 
  299           4 
  300           2 
  301           1 
  302           0 
  303           1 
  304           0 
  305           0 
  306           0 
  307           2 
  308           3 
  309           0 
  310           1 
  311           0 
  312           0 
  313           1 
  314           0 
  315           0 
  316           2 
  317           1 
  318           1 
  319           0 
  320           0 
  321           0 
  322           1 
  323           0 
  324           0 
  325           0 
  326           0 
  327           0 
  328           0 
  329           1 
  330           1 
  331           0 
  332           0 
  333           1 
  334           0 
  335           0 
  336           0 
  337           0 
  338           0 
  339           1 
  340           0 
  341           0 
  342           0 
  343           0 
  344           0 
  345           0 
  346           0 
  347           0 
  348           2 
  349           0 
  350           0 
  351           0 
  352           0 
  353           1 
  354           0 
  355           0 
  356           1 
  357           1 
  358           0 
  359           0 
  360           0 
  361           0 
  362           0 
  363           0 
  364           0 
  365           0 
  366           0 
  367           0 
  368           0 
  369           0 
  370           0 
  371           0 
  372           0 
  373           0 
  374           0 
  375           0 
  376           0 
  377           0 
  378           0 
  379           0 
  380           0 
  381           0 
  382           0 
  383           0 
  384           0 
  385           1 
  386           1 
  387           0 
  388           0 
  389           0 
  390           1 
  391           0 
  392           0 
  393           0 
  394           0 
  395           0 
  396           0 
  397           0 
  398           0 
  399           0 
  400           0 
  401           0 
  402           0 
  403           0 
  404           1 
  405           0 
  406           0 
  407           0 
  408           0 
  409           0 
  410           0 
  411           1 
  412           0 
  413           0 
  414           1 
  415           0 
  416           0 
  417           0 
  418           0 
  419           0 
  420           0 
  421           0 
  422           0 
  423           0 
  424           0 
  425           1 
  426           0 
  427           0 
  428           0 
  429           0 
  430           0 
  431           0 
  432           0 
  433           0 
  434           0 
  435           0 
  436           0 
  437           1 
  438           0 
  439           0 
  440           0 
  441           0 
  442           0 
  443           0 
  444           0 
  445           1 
  446           0 
  447           0 
  448           1 
  449           0 
  450           0 
  451           0 
  452           0 
  453           0 
  454           0 
  455           0 
  456           0 
  457           0 
  458           0 
  459           0 
  460           0 
  461           1 
  462           0 
  463           0 
  464           0 
  465           1 
  466           0 
  467           0 
  468           0 
  469           0 
  470           0 
  471           0 
  472           0 
  473           0 
  474           0 
  475           0 
  476           0 
  477           0 
  478           0 
  479           0 
  480           1 
  481           0 
  482           0 
  483           0 
  484           0 
  485           0 
  486           0 
  487           0 
  488           0 
  489           0 
  490           0 
  491           0 
  492           0 
  493           0 
  494           0 
  495           0 
  496           0 
  497           0 
  498           0 
  499           0 
  500           0 
  501           0 
  502           0 
  503           0 
  504           0 
  505           0 
  506           0 
  507           0 
  508           0 
  509           0 
  510           0 
  511           0 
  512           0 
